11.160826    -16.913551
9.708186    -14.388289
10.996200    -16.904900
11.010304    -6.610210
9.093136    -7.769242
10.304446    -10.595669
7.910596    -9.152417
8.547709    -11.586407
7.585950    -9.095050
7.759650    -9.303650
7.773600    -9.195700
7.834200    -9.292900
8.558200    -11.929000
10.800500    -6.547500
11.283100    -6.616000
10.978900    -6.924300
11.245300    -6.717100
10.924400    -6.910000
7.662522    11.044433
9.310771    9.786800
9.324750    9.806350
11.172575    8.424300
9.404633    9.829067
11.170900    8.323200
11.104600    8.402100
11.018900    8.468550
11.294900    8.419600
9.457600    9.771300
9.240800    9.869800
9.630400    9.765100
9.502100    9.811000
11.026800    8.507800
10.915400    7.256300
11.019700    8.368800
10.960400    8.570100
7.756600    11.104600
7.345000    11.089300
7.547600    11.023000
7.415000    11.137200
25.032783    -32.166791
23.391457    -32.707616
23.287970    -36.482928
20.824038    -33.761759
18.696414    -31.162215
26.852119    -37.696867
26.647241    -37.974151
23.593427    -32.484845
24.150234    -32.392050
23.183500    -33.006526
25.278334    -32.405467
26.936633    -37.989367
24.825800    -32.293350
23.727301    -32.542301
23.629550    -32.668949
23.840500    -32.743999
26.457049    -37.999102
18.963400    -31.347799
18.274300    -31.107700
23.090300    -36.556301
23.475800    -36.630901
20.866501    -34.017300
20.864201    -34.052299
23.250900    -32.897800
23.462999    -33.034801
24.126200    -32.313900
23.158800    -32.802502
23.745100    -32.677898
23.083200    -32.930901
23.825001    -32.469101
23.343901    -32.940800
26.722200    -37.823799
26.580900    -37.912102
19.517204    -12.931812
23.006218    -18.541487
23.926499    -25.480885
17.072649    -13.468532
26.848652    -27.656033
20.930420    -19.597419
25.222071    -21.517699
23.599362    -14.389309
20.294581    -23.777400
21.642250    -26.729015
26.650873    -23.987898
24.526070    -29.045167
22.221683    -22.480806
11.914112    -12.873593
15.065669    -14.785587
19.036824    -16.606869
16.388962    -18.150635
21.550325    -29.747602
19.347677    -27.933229
13.993829    -19.368030
15.655387    -21.951644
13.365968    -15.825998
17.448803    -21.117323
17.844500    -25.037598
11.823739    -20.571304
13.743836    -22.715904
15.520229    -26.361788
17.109207    -28.688836
16.050823    -17.997392
19.443750    -27.600433
21.939075    -26.789050
14.946800    -15.020900
11.782650    -20.751850
19.086550    -27.894300
19.641150    -27.774850
23.199300    -14.415350
16.115850    -18.159801
16.031850    -17.724150
21.328250    -19.993199
17.396900    -21.212950
24.094299    -29.002299
21.402399    -26.815800
21.900000    -26.862700
22.099100    -22.299700
15.389200    -26.728800
15.464300    -26.614300
15.247000    -26.391300
15.309100    -26.315300
14.372600    -19.211100
14.133300    -19.617300
13.677200    -19.659401
13.758800    -19.142700
14.217200    -19.433001
14.088100    -19.499599
13.679600    -19.083401
13.907300    -19.456800
14.848600    -14.908500
14.958600    -14.965800
14.829400    -14.908100
15.385100    -14.791100
11.747500    -13.071800
11.656300    -20.467800
23.614901    -25.237600
23.641899    -25.230000
13.636900    -22.647400
13.742500    -22.913799
20.116800    -23.918100
20.102100    -23.912300
20.007799    -23.760700
19.937401    -23.732500
20.474501    -23.929100
25.278799    -21.822300
24.959700    -21.706400
24.862200    -21.426001
25.186300    -21.825399
25.496099    -21.256001
25.539000    -21.570801
25.201401    -21.924400
18.852100    -16.821199
18.946100    -16.418900
19.650400    -27.614599
19.294500    -27.649900
19.429501    -28.244900
19.357401    -28.140301
19.186199    -28.072001
19.324301    -27.490999
21.290600    -29.789101
21.473900    -29.933001
16.786600    -18.362499
16.369801    -17.764999
16.683701    -18.260900
16.235701    -17.890900
16.091801    -18.394100
16.068800    -17.891199
16.380199    -17.930500
17.055000    -28.607500
17.148800    -28.516500
17.170200    -28.893000
16.913601    -28.682699
16.971300    -28.528400
20.976200    -20.382000
21.160400    -19.615400
21.365200    -20.098000
20.751200    -19.777599
20.965401    -20.105600
17.556499    -21.141600
17.307800    -21.315901
17.552700    -20.925501
17.587601    -21.345600
13.207700    -16.114000
13.463900    -16.002199
22.979401    -18.919500
17.361099    -13.483800
24.668501    -29.497200
24.756201    -29.270100
24.525499    -29.395000
14.414096    -8.581246
12.213433    -9.475888
15.813030    -10.990062
14.035825    -12.235713
22.035321    -8.983548
25.209681    -11.390419
17.021324    -5.086037
25.764200    -8.619172
24.050562    -10.374103
13.412484    -1.121371
18.487256    -1.804936
26.781445    -5.273797
24.878687    -3.482259
22.249581    -1.883434
18.480750    -1.602200
18.617350    -1.717200
22.131650    -1.642300
24.744250    -3.283500
14.268000    -8.938700
18.801001    -1.922500
18.719900    -1.912900
18.362101    -1.663200
22.133200    -1.731000
22.544901    -1.977100
22.482700    -1.726700
22.261101    -1.727800
22.098101    -1.964800
24.812500    -3.678400
25.045401    -3.385000
26.565300    -5.078000
26.864300    -5.458600
26.752800    -5.114900
21.793800    -9.008600
14.118600    -12.433400
25.329100    -10.893300
25.442801    -11.369100
16.789499    -5.147000
14.150800    -8.744800
28.058144    -30.988492
38.376089    -31.877723
36.626113    -30.323372
36.056065    -31.629142
29.688584    -36.791141
35.746153    -34.367160
37.791966    -33.081513
27.721200    -31.113683
42.389021    -32.317060
36.855075    -30.286950
28.011934    -31.322233
28.447800    -30.924100
28.266749    -31.231151
28.184300    -31.335850
35.932251    -34.296400
42.348701    -32.401100
42.403198    -32.467098
36.813801    -30.255400
36.903999    -30.251900
38.466801    -32.110298
38.341900    -32.290798
38.596199    -31.740000
29.965900    -36.860199
26.974600    -37.953499
36.024300    -31.944599
36.165501    -31.504900
36.062698    -31.798800
28.130199    -30.625601
27.970600    -31.424299
28.402000    -30.901600
37.733501    -33.250900
37.962502    -33.030201
35.903198    -34.181801
35.913300    -34.410801
35.776798    -34.502998
35.643002    -34.598301
29.025976    -14.407446
35.686164    -28.044949
31.107649    -13.275545
34.916129    -15.985301
30.147304    -15.830159
27.041777    -27.676642
30.621120    -29.626706
36.979441    -21.874322
32.777516    -14.034883
37.423121    -27.001533
32.780706    -29.360973
27.479502    -20.020773
34.071115    -25.542594
32.100485    -26.322078
40.356811    -15.804353
29.726042    -27.025579
40.419394    -20.678673
41.438569    -16.966801
29.658528    -22.570145
31.268652    -21.401152
40.242294    -24.263129
41.796956    -12.910615
36.701095    -30.190260
42.295225    -21.818809
42.270636    -25.302256
35.936300    -28.319525
29.320967    -14.409567
32.312399    -26.184350
42.399200    -18.050750
35.622799    -28.460350
35.764750    -28.382200
31.358000    -13.290700
30.828600    -13.235800
30.832001    -13.365300
31.239500    -13.047700
30.775000    -13.260200
40.105499    -24.444599
40.086498    -15.706300
40.521400    -15.953500
31.494101    -21.463400
36.637100    -21.809401
37.351200    -21.994900
30.554100    -29.401400
33.890400    -25.396000
30.035299    -16.140900
30.128401    -15.611200
42.392300    -25.595200
41.471100    -17.244499
28.633499    -14.326200
31.842300    -26.322599
32.357700    -26.466700
42.370998    -18.091700
29.927601    -22.640100
29.697001    -22.843599
35.907101    -28.421700
37.171200    -26.809099
28.140309    -11.465810
28.750354    -11.053813
39.735213    -11.274584
31.839807    -9.490667
33.170985    -10.715266
37.947544    -10.290839
36.499581    -9.023980
29.308068    -7.015735
39.250190    -7.825139
41.454576    -9.235496
33.771738    -7.057524
30.265973    -5.316796
36.250452    -9.821829
34.388957    -3.318777
36.570436    -5.653877
39.943228    -3.905914
42.380157    -6.685571
40.028549    -3.918350
41.260580    -9.405040
41.195659    -9.261020
39.066951    -7.698875
33.571725    -7.052075
36.603701    -8.780275
36.288250    -8.823875
36.753500    -5.619375
27.011433    -5.174300
29.102301    -6.798250
27.275200    -5.358050
33.174999    -10.547000
36.283100    -8.810850
29.378599    -7.248100
29.119600    -6.751900
29.169600    -7.179400
26.986500    -5.240300
27.003500    -5.102900
39.485001    -7.812500
39.409199    -7.782600
33.322300    -10.478800
33.964699    -6.884000
33.878399    -6.868400
33.826599    -6.919300
33.539799    -7.101200
39.951302    -4.051900
40.138500    -3.909500
40.076900    -3.734900
40.109402    -3.864900
36.236900    -9.478600
36.179600    -8.948600
36.275600    -9.614000
36.501598    -5.399200
36.509102    -5.557500
36.485901    -5.510700
36.913898    -5.479700
30.029699    -5.132900
28.079300    -11.217400
28.546301    -10.943600
28.094801    -11.185500
28.629801    -10.802700
28.349701    -11.592100
34.426102    -3.249400
34.123001    -3.198900
34.368999    -3.004200
34.830502    -3.156900
34.200699    -3.198100
41.217602    -9.421400
42.376400    -6.752900
31.838699    -9.318200
42.517341    -32.299757
42.506786    -18.097997
43.542945    -23.381562
44.695894    -15.624260
44.543158    -19.967779
44.021961    -26.865532
45.086074    -24.194497
46.255165    -16.546352
47.168802    -17.912509
49.724200    -23.316676
47.008691    -21.386488
47.164700    -25.275571
46.627413    -29.183213
47.158121    -17.915220
46.649933    -29.079933
46.631100    -29.149067
46.413349    -28.893300
47.054501    -21.362450
43.713551    -23.177600
47.394850    -18.073500
44.744999    -20.063499
44.381901    -20.086599
46.463402    -28.982599
46.490002    -28.947001
46.257000    -28.831699
46.314301    -28.902201
46.537899    -29.123400
46.492901    -28.844000
47.190498    -25.594601
42.520500    -24.993200
45.008301    -24.336800
45.170101    -24.371401
47.097198    -21.520100
47.086498    -21.529800
47.206902    -21.308901
44.075600    -26.705500
44.212601    -26.745800
46.435299    -16.575600
43.655300    -23.650200
43.845901    -23.236000
43.471298    -23.585899
47.204800    -17.790001
47.277199    -17.762199
47.338402    -17.699800
44.515292    -11.645094
43.790265    -7.599478
46.000981    -5.634488
42.782050    -3.351660
42.484333    -6.765367
47.158457    -9.706372
42.919000    -3.376080
42.465799    -6.735325
47.248301    -9.789975
42.953499    -3.352900
46.059566    -5.692167
45.897766    -5.557467
47.115367    -9.606500
47.179432    -9.767166
45.834551    -5.534700
44.513100    -11.431000
47.116800    -9.683900
43.153099    -3.220400
43.050598    -3.270700
42.843601    -3.305500
42.911999    -3.354500
42.861198    -3.121800
43.097801    -3.246600
46.059399    -5.726900
45.816399    -5.373900
44.622002    -11.909200
44.380299    -11.511200
44.738899    -11.667700
44.754601    -11.682800
43.955799    -7.607700
43.729099    -7.401400
42.561298    -6.737600
42.435699    -6.668800
42.596500    -6.759500
42.523201    -6.887500
42.678600    -6.789700
47.098202    -9.551400
47.144901    -9.572300
